0
32 0 ip-172-31-0-24
0
32 16 ip-172-31-0-24
0
32 24 ip-172-31-0-24
0
32 8 ip-172-31-0-24
0
32 30 ip-172-31-5-27
0
32 26 ip-172-31-12-159
0
32 22 ip-172-31-5-27
0
32 7 ip-172-31-9-159
0
32 25 ip-172-31-12-194
0
32 3 ip-172-31-14-3
0
32 10 ip-172-31-12-159
0
32 29 ip-172-31-5-200
0
32 20 ip-172-31-13-242
0
32 11 ip-172-31-14-3
0
32 18 ip-172-31-12-159
0
0
32 4 ip-172-31-13-242
0
32 14 ip-172-31-5-27
0
32 15 ip-172-31-9-159
0
32 17 ip-172-31-12-194
0
32 6 ip-172-31-5-27
0
32 23 ip-172-31-9-159
0
32 1 ip-172-31-12-194
0
32 19 ip-172-31-14-3
32 21 ip-172-31-5-200
0
32 12 ip-172-31-13-242
0
0
0
32 5 ip-172-31-5-200
0
32 9 ip-172-31-12-194
32 27 ip-172-31-14-3
0
32 28 ip-172-31-13-242
32 13 ip-172-31-5-200
0
32 2 ip-172-31-12-159
0
32 31 ip-172-31-9-159
